[0.012850615, 0.011713291, 1137.3246]
[0.0131113995, 0.012411954, 699.4452]
[0.011245206, 0.010857483, 387.72287]
[0.020305347, 0.019960685, 344.66187]
[0.010635683, 0.010355424, 280.2593]
[0.00834648, 0.008119442, 227.0391]
[0.013983771, 0.013775261, 208.50975]
[0.0168448, 0.016646853, 197.94775]
[0.011212382, 0.011039035, 173.34723]
[0.014156532, 0.013990533, 165.99875]
[0.011040067, 0.010883132, 156.93538]
[0.011775692, 0.011622215, 153.47717]
[0.010515763, 0.010378832, 136.93106]
[0.01018509, 0.010051109, 133.98141]
[0.014659006, 0.014533132, 125.874016]
[0.010204807, 0.010085624, 119.18298]
[0.0124306865, 0.012320617, 110.06914]
[0.01071486, 0.01060791, 106.9495]
[0.00924585, 0.009141685, 104.16476]
[0.00993971, 0.009843178, 96.5313]
[0.011340556, 0.011244491, 96.06487]
[0.008474974, 0.008387681, 87.29294]
[0.009327009, 0.009242982, 84.02756]
[0.0112941, 0.011213477, 80.62332]
[0.010197643, 0.010118036, 79.6079]
[0.010597777, 0.010521822, 75.9551]
[0.009261332, 0.009187011, 74.32184]
[0.013172002, 0.013102224, 69.777214]
[0.008624633, 0.008555656, 68.97646]
[0.009756957, 0.009688531, 68.42589]
[0.008434435, 0.008375213, 59.22268]
[0.00901301, 0.008949831, 63.17949]
[0.009809789, 0.009748846, 60.942993]
[0.011748431, 0.011690745, 57.685726]
[0.011859713, 0.011800436, 59.276386]
[0.011930501, 0.011873927, 56.573963]
[0.01075049, 0.010696854, 53.635666]
[0.009657509, 0.009605369, 52.140305]
[0.011997036, 0.011944422, 52.613674]
[0.009479347, 0.009429218, 50.128563]
[0.010682509, 0.010636778, 45.73133]
[0.008113445, 0.008068533, 44.912357]
[0.010349788, 0.010304254, 45.534443]
[0.007062716, 0.007020102, 42.614178]
[0.012291854, 0.012246462, 45.392616]
[0.009150156, 0.009108655, 41.500896]
[0.0081282025, 0.008085858, 42.34467]
[0.014669625, 0.014628241, 41.38402]
[0.010853544, 0.01081156, 41.983936]
[0.009883257, 0.009843333, 39.92399]
[0.007946108, 0.007908762, 37.34515]
[0.010061438, 0.010023806, 37.632275]
[0.010165755, 0.010128416, 37.338165]
[0.010101973, 0.01006867, 33.303383]
[0.007117289, 0.007081753, 35.536194]
[0.009824471, 0.009790026, 34.4452]
[0.009432915, 0.009397973, 34.941795]
[0.009190205, 0.009157013, 33.191525]
[0.008283842, 0.008249601, 34.24075]
[0.00872577, 0.008693377, 32.393482]
[0.007998543, 0.007967029, 31.514002]
[0.010047842, 0.010016786, 31.056145]
[0.0094174035, 0.009386524, 30.879637]
[0.00884753, 0.008818232, 29.297249]
[0.012535332, 0.012505937, 29.394844]
[0.0102220215, 0.0101928245, 29.196726]
[0.009936398, 0.009907138, 29.260462]
[0.010451878, 0.010423779, 28.099686]
[0.009551388, 0.00952415, 27.238045]
[0.009049798, 0.009023304, 26.494387]
[0.010518231, 0.010491809, 26.422388]
[0.008866443, 0.008839607, 26.835909]
[0.014080137, 0.014053289, 26.8482]
[0.008465715, 0.0084396135, 26.101015]
[0.008818564, 0.008793022, 25.54237]
[0.0081965905, 0.008171228, 25.362879]
[0.009036568, 0.0090124905, 24.077728]
[0.009947601, 0.009923181, 24.420073]
[0.008991443, 0.008966793, 24.649399]
[0.010443931, 0.010420585, 23.346495]
[0.0073826793, 0.007360209, 22.470299]
[0.0083415415, 0.0083191125, 22.429043]
[0.007955383, 0.007932992, 22.390493]
[0.0097708255, 0.0097500775, 20.747639]
[0.012155797, 0.012134099, 21.697708]
[0.008254914, 0.008233406, 21.508068]
[0.009011487, 0.008989179, 22.307627]
[0.008586582, 0.008566195, 20.38626]
[0.0076011824, 0.0075808116, 20.370739]
[0.01123607, 0.011215605, 20.464956]
[0.010071417, 0.010050902, 20.515606]
[0.009650628, 0.009629817, 20.811485]
[0.010237977, 0.010217801, 20.176195]
[0.008747182, 0.008727355, 19.827147]
[0.010030453, 0.010011752, 18.701254]
[0.007880322, 0.007860937, 19.384462]
[0.008474851, 0.008455738, 19.112988]
[0.013848212, 0.013830854, 17.357983]
[0.010238589, 0.010219902, 18.68667]
[0.0069731055, 0.0069558686, 17.236856]
[0.01078769, 0.010769344, 18.346481]
[0.008796229, 0.008778207, 18.022444]
[0.0093333265, 0.0093161985, 17.12764]
[0.00958816, 0.0095706815, 17.478424]
[0.0070307585, 0.0070143375, 16.421003]
[0.008463771, 0.00844652, 17.250828]
[0.012792476, 0.01277587, 16.606339]
[0.008154924, 0.008137758, 17.166395]
[0.010114709, 0.010097801, 16.908535]
[0.010795249, 0.010779324, 15.924553]
[0.009188064, 0.009172837, 15.226695]
[0.009198731, 0.009183412, 15.317982]
[0.006842662, 0.006827504, 15.158421]
[0.009244877, 0.009229673, 15.2041445]
[0.008824995, 0.008809912, 15.082483]
[0.008667228, 0.0086533325, 13.895077]
[0.009485459, 0.0094701, 15.358968]
[0.008517151, 0.008502555, 14.595578]
[0.0099654365, 0.009950714, 14.722626]
[0.008913209, 0.008899275, 13.933185]
[0.012813905, 0.012799957, 13.948238]
[0.011107079, 0.0110923685, 14.710507]
[0.008742864, 0.008729434, 13.430298]
[0.008625437, 0.008611479, 13.9575205]
[0.007395647, 0.007381984, 13.663166]
[0.008238099, 0.008224667, 13.431869]
[0.013151455, 0.0131388325, 12.62236]
[0.010672024, 0.01065819, 13.834664]
[0.0099809235, 0.009967442, 13.4817]
[0.010527061, 0.010513572, 13.489644]
[0.008152038, 0.008139023, 13.015117]
[0.0092522595, 0.0092392955, 12.964397]
[0.010357934, 0.010344895, 13.039476]
[0.009603598, 0.009591129, 12.469456]
[0.008345016, 0.008332462, 12.553892]
[0.008022175, 0.008010905, 11.26952]
[0.009216578, 0.009205135, 11.443027]
[0.005775728, 0.0057638027, 11.925223]
[0.009957815, 0.009945906, 11.908638]
[0.009268725, 0.00925682, 11.9050255]
[0.00895907, 0.008946679, 12.391527]
[0.009475706, 0.009463938, 11.768413]
[0.01071671, 0.01070511, 11.600658]
[0.006090564, 0.006079681, 10.882871]
[0.009607891, 0.009596844, 11.046198]
[0.008341682, 0.008330334, 11.347898]
[0.008835694, 0.008824231, 11.462279]
[0.009980803, 0.009969905, 10.8985195]
[0.008176972, 0.008166352, 10.620169]
[0.009150117, 0.009139809, 10.307892]
[0.0081338445, 0.008122977, 10.867377]
[0.009261998, 0.009251831, 10.166955]
[0.00735253, 0.0073420117, 10.5182]
[0.009397441, 0.009386931, 10.510157]
[0.0089133615, 0.008902904, 10.457591]
[0.008422477, 0.008412287, 10.190963]
[0.0071183257, 0.0071085747, 9.751148]
[0.010411468, 0.010400962, 10.5059805]
[0.014153058, 0.014143172, 9.886048]
[0.008212697, 0.008203035, 9.661937]
[0.009703054, 0.009693172, 9.882473]
[0.011308748, 0.011298667, 10.081963]
[0.009908674, 0.009899715, 8.959531]
[0.0077557713, 0.007746494, 9.277206]
[0.0114666885, 0.011457315, 9.373609]
[0.009004887, 0.008995765, 9.122398]
[0.009023991, 0.0090150125, 8.979073]
[0.008483491, 0.00847453, 8.961074]
[0.008231835, 0.008222441, 9.394081]
[0.009060164, 0.009051557, 8.607126]
[0.0093160905, 0.009306627, 9.462885]
[0.0074011446, 0.007392664, 8.48047]
[0.007503475, 0.0074946745, 8.800331]
[0.008191988, 0.008183239, 8.748656]
[0.007715888, 0.0077071884, 8.69971]
[0.0075262245, 0.007517835, 8.389329]
[0.0075247316, 0.007516136, 8.595526]
[0.0098135285, 0.0098046865, 8.841536]
[0.00858322, 0.00857494, 8.279283]
[0.010587212, 0.010579571, 7.6407986]
[0.008171243, 0.008163361, 7.8817034]
[0.009570241, 0.009561606, 8.634985]
[0.009673929, 0.009666102, 7.8272943]
[0.008674395, 0.008666089, 8.306577]
[0.008597651, 0.008589463, 8.186965]
[0.008520956, 0.008512884, 8.07151]
[0.0076630823, 0.0076553654, 7.7169523]
[0.0074630664, 0.0074551785, 7.8876085]
[0.0071632415, 0.0071553164, 7.9252615]
[0.010826101, 0.0108183585, 7.742103]
[0.009762369, 0.009755045, 7.324312]
[0.009626658, 0.009618901, 7.7566886]
[0.012902795, 0.012895631, 7.164227]
[0.009212399, 0.009205113, 7.285606]
[0.009120402, 0.009113103, 7.299046]
[0.0092252465, 0.009217514, 7.7328787]
[0.0072233076, 0.007216246, 7.0615673]
[0.009886366, 0.009878838, 7.5283113]
[0.008551656, 0.008544588, 7.068223]
[0.0073260744, 0.007319219, 6.855656]
[0.0100920405, 0.010085125, 6.9153957]
[0.007212096, 0.007205044, 7.05183]
[0.0086505385, 0.008643278, 7.260602]
[0.0095741665, 0.009567453, 6.7141194]
[0.009412799, 0.009405597, 7.2020235]
[0.0076479814, 0.0076411143, 6.8670096]
[0.0072463215, 0.0072400337, 6.2876973]
[0.008908118, 0.008901351, 6.7666426]
[0.008849443, 0.0088424515, 6.991117]
[0.010298204, 0.010291551, 6.652379]
[0.008189593, 0.008183371, 6.2222233]
[0.007839784, 0.0078332955, 6.48857]
[0.007775825, 0.007769216, 6.609324]
[0.009869422, 0.009862977, 6.4451404]
[0.010717311, 0.010710432, 6.879114]
[0.009519351, 0.009513043, 6.307499]
[0.0082202535, 0.008214058, 6.195543]
[0.005981474, 0.005975337, 6.1372952]
[0.008204935, 0.008198794, 6.1416044]
[0.010740713, 0.010734594, 6.118575]
[0.007424684, 0.0074188886, 5.7952533]
[0.008107264, 0.008101344, 5.919355]
[0.009106635, 0.009100277, 6.3583894]
[0.009159395, 0.009153122, 6.2725873]
[0.013154313, 0.013148501, 5.8125997]
[0.010079907, 0.01007417, 5.737079]
[0.010656291, 0.010650443, 5.847902]
[0.007524058, 0.0075180773, 5.9808397]
[0.011043677, 0.0110377725, 5.905]
[0.006483131, 0.0064776307, 5.5005636]
[0.008098729, 0.008093376, 5.3533845]
[0.007067171, 0.0070615555, 5.615484]
[0.01055647, 0.010550834, 5.6357827]
[0.0095134135, 0.0095076775, 5.7356973]
[0.008959774, 0.008954067, 5.7072787]
[0.008696709, 0.008691227, 5.481327]
[0.008771219, 0.008765845, 5.3745785]
[0.008062433, 0.008056945, 5.488212]
[0.009688659, 0.009683381, 5.2778053]
[0.013927096, 0.013921774, 5.321521]
[0.010106326, 0.010100846, 5.479693]
[0.008707675, 0.008702267, 5.4083776]
[0.008029299, 0.008024089, 5.2093973]
[0.007516549, 0.007511182, 5.366588]
[0.008636973, 0.008631645, 5.327877]
[0.009207502, 0.009202115, 5.3865666]
[0.0071739024, 0.007169016, 4.8864007]
[0.008349262, 0.008343965, 5.2977376]
[0.008648168, 0.008643392, 4.776456]
[0.007209752, 0.0072046476, 5.104697]
[0.013263646, 0.013258816, 4.8295355]
[0.011891481, 0.011886314, 5.166813]
[0.008848944, 0.00884383, 5.1141243]
[0.0072884327, 0.007283399, 5.0339255]
[0.008345511, 0.008340463, 5.047744]
[0.008214728, 0.008210096, 4.6327744]
[0.011150457, 0.011145698, 4.758954]
[0.0074896608, 0.0074849, 4.760857]
[0.008042068, 0.008037368, 4.700397]
[0.008497928, 0.008493021, 4.907181]
[0.011713915, 0.011709309, 4.604976]
[0.009894848, 0.009889793, 5.0552793]
[0.0073265005, 0.007321868, 4.6322017]
[0.007692631, 0.007687951, 4.6798434]
[0.009177548, 0.0091725495, 4.9983897]
[0.0068998653, 0.0068953056, 4.559882]
[0.006781937, 0.006777697, 4.240406]
[0.007817902, 0.007813238, 4.6638756]
[0.009492559, 0.009487957, 4.602309]
[0.0069748946, 0.006970589, 4.3055596]
[0.01034456, 0.010339959, 4.6018596]
[0.0094212545, 0.009416896, 4.3587446]
[0.013178933, 0.013174487, 4.4463263]
[0.0063320417, 0.006327721, 4.321056]
[0.008056955, 0.008052388, 4.5670986]
[0.008426732, 0.008422424, 4.3086762]
[0.0098965345, 0.009892168, 4.366043]
[0.008704005, 0.008699613, 4.3916903]
[0.008947657, 0.008943655, 4.0025816]
[0.007896135, 0.007891936, 4.198847]
[0.0073623983, 0.007358154, 4.244527]
[0.010802033, 0.010798064, 3.9695058]
[0.009313473, 0.009309465, 4.007337]
[0.0069366884, 0.0069326693, 4.0191374]
[0.0096537685, 0.009649647, 4.1211805]
[0.0075550512, 0.0075508086, 4.242609]
[0.007799209, 0.007795145, 4.064109]
[0.006636726, 0.00663277, 3.9564004]
[0.007965964, 0.007962032, 3.9315972]
[0.008272255, 0.008268229, 4.026035]
[0.008764147, 0.008760188, 3.9591756]
[0.007083464, 0.00707967, 3.7939043]
[0.008223645, 0.008219693, 3.9527874]
[0.008460687, 0.008456685, 4.002218]
[0.010250451, 0.0102464445, 4.006963]
[0.008825257, 0.00882132, 3.9373608]
[0.009558213, 0.009554347, 3.8659642]
[0.0076267947, 0.0076228343, 3.9606423]
[0.013518983, 0.01351496, 4.022297]
[0.010482387, 0.010478704, 3.6820893]
[0.0077654035, 0.0077617047, 3.6987648]
[0.009871752, 0.009868037, 3.715396]
[0.008228084, 0.008224477, 3.6073112]
[0.0065303426, 0.0065268637, 3.4790328]
[0.0077997344, 0.0077960826, 3.6518672]
[0.008931691, 0.008927907, 3.7842407]
[0.011100457, 0.011096762, 3.6957548]
[0.011437278, 0.011433672, 3.6063666]
[0.008853365, 0.008849626, 3.7387366]
[0.011184659, 0.011181036, 3.622582]
[0.007157286, 0.0071538407, 3.4453592]
[0.008877765, 0.008874144, 3.6205623]
[0.006895911, 0.0068923915, 3.5194187]
[0.00878991, 0.0087863775, 3.5322087]
[0.011835197, 0.011831852, 3.3456597]
[0.009714988, 0.009711541, 3.4464264]
[0.0070251455, 0.007021754, 3.3914332]
[0.008096591, 0.008093034, 3.5565126]
[0.0075509897, 0.0075474866, 3.502939]
[0.007918764, 0.00791556, 3.2038019]
[0.0078039374, 0.0078006517, 3.285495]
[0.0070302007, 0.007026815, 3.3859]
[0.008887428, 0.008884195, 3.2322261]
[0.007526234, 0.007522864, 3.36995]
[0.009874624, 0.009871153, 3.4713974]
[0.0068475655, 0.0068443283, 3.2372277]
[0.008818098, 0.008814873, 3.2252004]
[0.01050916, 0.010505784, 3.3764114]
[0.008102583, 0.008099331, 3.2521236]
[0.0126833785, 0.01268019, 3.1889536]
[0.00917098, 0.00916793, 3.0504987]
[0.0064156717, 0.0064124055, 3.26595]
[0.011630136, 0.011626865, 3.2707226]
[0.0074226586, 0.007419403, 3.2553015]
[0.008463058, 0.008460098, 2.960162]
[0.008371908, 0.008368641, 3.2674992]
[0.008446665, 0.008443472, 3.1928916]
[0.008036499, 0.0080334125, 3.0862823]
[0.008809685, 0.008806862, 2.8224854]
[0.009584175, 0.009581118, 3.0571756]
[0.007428892, 0.007425981, 2.9106362]
[0.010057641, 0.010054362, 3.2791822]
[0.0078047947, 0.0078016617, 3.1329632]
[0.0095742475, 0.009571242, 3.0055532]
[0.00637652, 0.0063737095, 2.8100522]
[0.0071751866, 0.0071721734, 3.0134072]
[0.0096358955, 0.009632718, 3.1779532]
[0.010295625, 0.010292785, 2.839838]
[0.009256576, 0.009253534, 3.0424302]
[0.009804853, 0.0098018795, 2.973834]
[0.007815459, 0.007812702, 2.7567613]
[0.0079824915, 0.00797946, 3.0314717]
[0.0071319398, 0.007128886, 3.0537214]
[0.0099803535, 0.009977458, 2.8952498]
[0.008094809, 0.008092135, 2.6738026]
[0.01012681, 0.010124063, 2.746703]
[0.0069754003, 0.0069726068, 2.7935328]
[0.008801253, 0.008798333, 2.9196017]
[0.008594621, 0.008591857, 2.7640111]
[0.0098903505, 0.009887526, 2.8248851]
[0.0061984207, 0.006195676, 2.7447922]
[0.0081762625, 0.008173531, 2.731317]
[0.00844812, 0.0084453635, 2.7564452]
[0.0064444933, 0.0064418856, 2.6077507]
[0.009137002, 0.009134235, 2.767355]
[0.0072527076, 0.007249868, 2.8398068]
[0.00862595, 0.008623292, 2.6580396]
[0.00840945, 0.008406678, 2.7720358]
[0.012106137, 0.012103353, 2.7843635]
[0.008283431, 0.008280724, 2.7060945]
[0.007967689, 0.007965021, 2.6686707]
[0.0075970762, 0.0075945584, 2.5179038]
[0.008060508, 0.00805776, 2.7487247]
[0.0144762155, 0.014473554, 2.661641]
[0.009631678, 0.009628921, 2.7574587]
[0.007225861, 0.0072231404, 2.7204719]
[0.008136039, 0.008133441, 2.5977619]
[0.008523888, 0.008521382, 2.506467]
[0.009422779, 0.009420209, 2.5708272]
[0.00856002, 0.0085574, 2.6195579]
[0.009230331, 0.009227848, 2.4832015]
[0.008470049, 0.008467457, 2.5914388]
[0.008334132, 0.008331576, 2.555821]
[0.011909515, 0.011907072, 2.443141]
[0.008743136, 0.008740846, 2.2903807]
[0.009844999, 0.009842424, 2.5749474]
[0.007054004, 0.007051261, 2.7427762]
[0.0074120834, 0.007409564, 2.5192702]
[0.009871701, 0.009869272, 2.4291127]
[0.00798024, 0.007977903, 2.3371177]
[0.0092267515, 0.009224186, 2.5659924]
[0.0113455765, 0.011343129, 2.4473104]
[0.007649092, 0.007646839, 2.2528243]
[0.007248093, 0.007245663, 2.4298618]
[0.007762081, 0.007759641, 2.4399083]
[0.006649035, 0.006646644, 2.390942]
[0.007900289, 0.007897902, 2.386989]
[0.008748079, 0.008745557, 2.522434]
[0.008939597, 0.008937249, 2.3475232]
[0.0081947455, 0.00819248, 2.266316]
[0.011606418, 0.011604074, 2.3431509]
[0.0074493764, 0.0074470043, 2.3722167]
[0.0074673486, 0.007465132, 2.216548]
[0.0061004823, 0.0060981996, 2.2826269]
[0.010511969, 0.010509747, 2.2221065]
[0.010151883, 0.010149587, 2.2955322]
[0.008530473, 0.008528033, 2.4398854]
[0.00861171, 0.008609464, 2.2454727]
[0.0078010443, 0.0077986466, 2.3976243]
[0.007832353, 0.00783002, 2.332987]
[0.009322035, 0.009319641, 2.3948095]
[0.0079547195, 0.007952575, 2.144647]
[0.008076924, 0.008074643, 2.2804542]
[0.0063640927, 0.0063617174, 2.3752494]
[0.012378172, 0.012375859, 2.3134012]
[0.011206533, 0.011204492, 2.0401661]
[0.008449683, 0.0084473705, 2.3128989]
[0.008594451, 0.008592332, 2.1188185]
[0.007851475, 0.007849364, 2.1115243]
[0.009874917, 0.009872654, 2.2622404]
[0.008893718, 0.008891483, 2.2349946]
[0.009508845, 0.009506739, 2.1069963]
[0.0075291377, 0.0075270864, 2.0513184]
[0.0090698525, 0.009067651, 2.2012284]
[0.0069839912, 0.0069819354, 2.0558338]
[0.009725002, 0.00972279, 2.2120118]
[0.008534249, 0.00853209, 2.1584895]
[0.009073296, 0.009071223, 2.0724502]
[0.0088508995, 0.008848774, 2.125589]
[0.009519723, 0.009517619, 2.1041253]
[0.00820767, 0.008205623, 2.0473905]
[0.008322855, 0.00832087, 1.9853944]
[0.008379404, 0.008377327, 2.0775373]
[0.0075300294, 0.0075280583, 1.9709628]
[0.008525284, 0.0085231755, 2.10833]
[0.0077481573, 0.007746227, 1.9301612]
[0.006924754, 0.0069228057, 1.9482923]
[0.010331858, 0.010329722, 2.1352253]
[0.006948813, 0.0069468683, 1.9444709]
[0.010366787, 0.010364793, 1.9936856]
[0.008447603, 0.008445751, 1.8523552]
[0.008128223, 0.008126227, 1.9962049]
[0.007135789, 0.0071338187, 1.9702913]
[0.007987141, 0.007985065, 2.0757015]
[0.009609379, 0.009607479, 1.8994632]
[0.007673142, 0.0076713115, 1.8307267]
[0.0081386, 0.008136614, 1.9855]
[0.012711602, 0.01270952, 2.082826]
[0.010476426, 0.010474516, 1.9101572]
[0.0089607015, 0.008958694, 2.0081456]
[0.010988699, 0.010986864, 1.8358492]
[0.0074353274, 0.0074334443, 1.8830812]
[0.006849319, 0.006847431, 1.8882976]
[0.008188536, 0.00818664, 1.896386]
[0.0077662463, 0.0077643977, 1.8484963]
[0.0077385865, 0.007736677, 1.9095678]
[0.011328438, 0.011326486, 1.9523584]
[0.009065099, 0.009063273, 1.8266113]
[0.006704068, 0.0067022266, 1.8412411]
[0.0074758073, 0.0074739107, 1.8965473]
[0.007878233, 0.007876428, 1.8049008]
[0.0076038213, 0.0076019727, 1.8485322]
[0.012549054, 0.012547217, 1.8366896]
[0.008328485, 0.008326556, 1.929557]
[0.0070286207, 0.007026722, 1.8986499]
[0.008518825, 0.008517119, 1.7065567]
[0.009830925, 0.009829267, 1.6582171]
[0.008919225, 0.008917442, 1.7836227]
[0.0076574693, 0.0076558236, 1.6455846]
[0.00853732, 0.008535427, 1.8933977]
[0.00875327, 0.008751475, 1.7950507]
[0.008024098, 0.008022333, 1.7655077]
[0.0106469095, 0.010645041, 1.8680849]
[0.008425075, 0.008423379, 1.6958337]
[0.007504054, 0.0075023416, 1.7123703]
[0.007988559, 0.007986848, 1.710931]
[0.007866234, 0.007864457, 1.7768158]
[0.007909229, 0.007907534, 1.6953909]
[0.010152059, 0.010150282, 1.7774037]
[0.008682275, 0.008680552, 1.722744]
[0.008969919, 0.008968245, 1.6735206]
[0.006678627, 0.006677064, 1.5626026]
[0.008572886, 0.00857123, 1.6561177]
[0.0067253807, 0.006723655, 1.7256908]
[0.0065581677, 0.0065563535, 1.8144293]
[0.0103561105, 0.010354511, 1.5990582]
[0.0069165262, 0.0069148694, 1.656753]
[0.008288886, 0.00828727, 1.6170273]
[0.009938176, 0.009936409, 1.7671087]
[0.009316847, 0.0093151, 1.7468334]
[0.0118999835, 0.011898244, 1.739772]
[0.010054103, 0.010052488, 1.6151824]
[0.008477764, 0.008476086, 1.6778114]
[0.009853009, 0.009851348, 1.6615393]
[0.00716388, 0.0071622836, 1.5963445]
[0.006710896, 0.006709275, 1.6209793]
[0.008367589, 0.008365951, 1.6382953]
[0.0078468695, 0.0078452, 1.6695241]
[0.008055536, 0.008053903, 1.6336237]
[0.008745569, 0.008744018, 1.5507364]
[0.008333852, 0.0083323475, 1.5045322]
[0.008290194, 0.008288657, 1.5366336]
[0.00838238, 0.0083807055, 1.6747054]
[0.01357233, 0.013570676, 1.6540507]
[0.008548217, 0.008546518, 1.6983453]
[0.007916077, 0.007914601, 1.4757516]
[0.008390459, 0.008388915, 1.5437044]
[0.0075562834, 0.007554823, 1.4601508]
[0.0070145717, 0.0070130248, 1.5468731]
[0.008753671, 0.008751944, 1.7273126]
[0.008870595, 0.008868996, 1.5990305]
[0.007991336, 0.00798986, 1.4760379]
[0.006810532, 0.0068090847, 1.4471549]
[0.008531669, 0.0085302, 1.4689018]
[0.0089884875, 0.008986936, 1.5512425]
[0.0068561574, 0.0068545626, 1.5947275]
[0.0102301305, 0.01022861, 1.5209786]
[0.0073623746, 0.007360913, 1.461715]
[0.0076064817, 0.0076050013, 1.4804664]
[0.010870081, 0.010868639, 1.442199]
[0.010107663, 0.0101061035, 1.5598319]
[0.0076750387, 0.0076736207, 1.4178575]
[0.0065120566, 0.0065105427, 1.5139135]
[0.008110566, 0.0081089195, 1.6465288]
[0.01036792, 0.010366442, 1.4780872]
[0.007040553, 0.0070391158, 1.437049]
[0.008478821, 0.00847742, 1.401309]
[0.009465178, 0.009463683, 1.4949001]
[0.008467185, 0.008465668, 1.5167254]
[0.010272762, 0.010271287, 1.4754492]
[0.0078834845, 0.007882096, 1.3889635]
[0.007913098, 0.007911655, 1.4428657]
[0.008992799, 0.008991246, 1.5524939]
[0.008941509, 0.008940015, 1.4936025]
[0.008160279, 0.008158861, 1.4186052]
[0.0075733284, 0.0075719804, 1.3480039]
[0.010400793, 0.010399202, 1.5907724]
[0.012616699, 0.012615236, 1.4617162]
[0.0064459597, 0.0064445483, 1.4114653]
[0.007858222, 0.007856797, 1.4253281]
[0.007966291, 0.007964795, 1.4955542]
[0.007474416, 0.0074730352, 1.3806514]
[0.008478742, 0.00847733, 1.4116789]
[0.009888258, 0.0098869465, 1.311461]
[0.008265217, 0.00826388, 1.3365844]
[0.009444237, 0.009442835, 1.4014701]
[0.009356869, 0.009355494, 1.3757609]
[0.010494604, 0.010493208, 1.3963894]
[0.008186951, 0.008185569, 1.3824394]
[0.0078012235, 0.00779985, 1.3738288]
[0.008691691, 0.008690372, 1.3187542]
[0.009011133, 0.009009796, 1.3360814]
[0.009020097, 0.009018739, 1.3574423]
[0.008072074, 0.008070621, 1.4525023]
[0.008746393, 0.008744987, 1.4065282]
[0.012895688, 0.012894234, 1.4547925]
[0.00843091, 0.0084294565, 1.4536738]
[0.008963147, 0.008961858, 1.2890466]
[0.0073458534, 0.0073445523, 1.3009814]
[0.0075609186, 0.007559631, 1.2877697]
[0.009378445, 0.00937706, 1.3846042]
[0.00918311, 0.009181632, 1.4775677]
[0.007226991, 0.0072256764, 1.3145665]
[0.008094751, 0.008093518, 1.2326236]
[0.008738296, 0.0087369755, 1.3204126]
[0.009036912, 0.0090356, 1.3117349]
[0.008723672, 0.008722282, 1.3895518]
[0.008711701, 0.008710399, 1.3021978]
[0.006577314, 0.006575985, 1.3288378]
[0.0077581834, 0.0077568875, 1.2959191]
[0.007970783, 0.007969496, 1.2869536]
[0.008285858, 0.008284679, 1.1794678]
[0.006801694, 0.0068004047, 1.2893597]
[0.0076486743, 0.007647368, 1.3060616]
[0.008302132, 0.008300792, 1.338891]
[0.009874233, 0.009872896, 1.3374145]
[0.009137136, 0.009135896, 1.2398869]
[0.0077320524, 0.0077308547, 1.1976478]
[0.008217559, 0.008216297, 1.2616699]
[0.007926974, 0.007925777, 1.1972752]
[0.008088628, 0.008087422, 1.205685]
[0.007146465, 0.007145228, 1.2372303]
[0.009503339, 0.009501989, 1.3499861]
[0.008091667, 0.008090435, 1.2324793]
[0.007944184, 0.007942928, 1.2568107]
[0.007233218, 0.007232013, 1.204492]
[0.007948653, 0.007947482, 1.1704235]
[0.008022597, 0.00802133, 1.2664363]
[0.0071012285, 0.007100018, 1.2103517]
[0.010453537, 0.010452382, 1.1549205]
[0.007016964, 0.0070156357, 1.327985]
[0.008125123, 0.0081238225, 1.3004061]
[0.00649919, 0.006498066, 1.1241847]
[0.009876629, 0.009875489, 1.1397654]
[0.010826696, 0.010825405, 1.2911315]
[0.0087029915, 0.008701714, 1.2777907]
[0.007722882, 0.007721641, 1.2408941]
[0.00823219, 0.0082310885, 1.1014163]
[0.0076319985, 0.007630786, 1.2127969]
[0.010492626, 0.010491488, 1.1385232]
